id,date,odometer,kind,from,to,note
